132.5881164
132.5867404
132.5841784
132.5804305
132.575497
132.5693783
132.5620749
132.5535873
132.5439161
132.5330622
132.5210262
132.5078092
132.4934121
132.477836
132.4610821
132.4431516
132.4240459
132.4037664
132.3823147
132.3596924
132.335901
132.3109425
132.2848187
132.2575315
132.2290829
132.199475
132.1687101
132.1367904
132.1037181
132.0694959
132.034126
131.9976112
131.9599541
131.9211573
131.8812237
131.8401562
131.7979577
131.7546312
131.7101797
131.6646065
131.6179148
131.5701079
131.521189
131.4711616
131.4200292
131.3677954
131.3144636
131.2600377
131.2045212
131.1479181
131.090232
131.031467
130.9716269
130.9107158
130.8487377
130.7856966
130.7215968
130.6564424
130.5902377
130.5229869
130.4546945
130.3853647
130.315002
130.2436109
130.1711957
130.0977612
130.0233118
129.9478522
129.871387
129.7939209
129.7154586
129.6360048
129.5555643
129.4741419
129.3917425
129.3083709
129.2240319
129.1387306
129.0524717
128.9652603
128.8771013
128.7879997
128.6979606
128.606989
128.5150898
128.4222682
128.3285292
128.233878
128.1383196
128.0418591
127.9445017
127.8462525
127.7471167
127.6470993
127.5462056
127.4444406
127.3418097
127.2383178
127.1339703
127.0287723
126.9227289
126.8158454
126.7081269
126.5995786
126.4902056
126.3800132
126.2690066
126.1571907
126.044571
125.9311524
125.8169401
125.7019394
125.5861552
125.4695928
125.3522572
125.2341536
125.115287
124.9956626
124.8752854
124.7541604
124.6322928
124.5096876
124.3863497
124.2622842
124.1374962
124.0119905
123.8857721
123.7588461
123.6312172
123.5028905
123.3738709
123.2441631
123.1137721
122.9827028
122.8509599
122.7185482
122.5854727
122.4517379
122.3173487
122.1823098
122.0466258
121.9103016
121.7733418
121.6357509
121.4975336
121.3586946
121.2192384
121.0791695
120.9384925
120.7972119
120.6553323
120.5128579
120.3697934
120.2261431
120.0819114
119.9371027
119.7917213
119.6457716
119.4992579
119.3521844
119.2045553
119.056375
118.9076476
118.7583773
118.6085683
118.4582246
118.3073505
118.1559499
118.0040269
117.8515856
117.6986299
117.5451639
117.3911915
117.2367167
117.0817433
116.9262752
116.7703163
116.6138704
116.4569413
116.2995328
116.1416488
115.9832928
115.8244686
115.66518
115.5054305
115.3452238
115.1845635
115.0234532
114.8618965
114.6998969
114.5374579
114.374583
114.2112757
114.0475394
113.8833776
113.7187936
113.5537908
113.3883725
113.2225422
113.056303
112.8896583
112.7226113
112.5551653
112.3873234
112.2190889
112.0504649
111.8814546
111.712061
111.5422873
111.3721366
111.2016119
111.0307162
110.8594525
110.6878239
110.5158332
110.3434835
110.1707777
109.9977186
109.8243092
109.6505522
109.4764506
109.3020072
109.1272247
108.9521059
108.7766537
108.6008706
108.4247595
108.2483231
108.0715639
107.8944847
107.7170882
107.5393768
107.3613533
107.1830202
107.0043801
106.8254355
106.6461889
106.4666429
106.2867999
106.1066624
105.9262328
105.7455136
105.5645072
105.3832161
105.2016425
105.0197888
104.8376574
104.6552507
104.4725708
104.2896202
104.1064011
103.9229158
103.7391664
103.5551553
103.3708847
103.1863567
103.0015735
102.8165374
102.6312504
102.4457147
102.2599324
102.0739056
101.8876364
101.7011269
101.5143791
101.3273951
101.1401769
100.9527266
100.7650461
100.5771374
100.3890026
100.2006435
100.0120622
99.82326045
99.63424032
99.44500367
99.25555241
99.06588841
98.87601355
98.68592968
98.49563865
98.30514229
98.11444242
97.92354085
97.73243938
97.54113979
97.34964385
97.15795333
96.96606998
96.77399552
96.58173171
96.38928023
96.19664282
96.00382114
95.8108169
95.61763177
95.4242674
95.23072544
95.03700755
94.84311535
94.64905046
94.4548145
94.26040907
94.06583575
93.87109614
93.6761918
93.48112431
93.28589521
93.09050605
92.89495836
92.69925369
92.50339354
92.30737942
92.11121284
91.91489529
91.71842826
91.52181323
91.32505165
91.12814501
90.93109474
90.73390229
90.5365691
90.33909661
90.14148624
89.94373939
89.74585749
89.54784192
89.34969409
89.15141539
88.95300719
88.75447087
88.5558078
88.35701934
88.15810684
87.95907165
87.75991511
87.56063857
87.36124335
87.16173078
86.96210217
86.76235884
86.5625021
86.36253325
86.16245359
85.9622644
85.76196699
85.56156262
85.36105258
85.16043814
84.95972056
84.75890112
84.55798106
84.35696164
84.15584412
83.95462973
83.75331972
83.55191534
83.3504178
83.14882834
82.94714819
82.74537858
82.54352071
82.34157581
82.13954509
81.93742975
81.73523102
81.53295008
81.33058814
81.1281464
80.92562605
80.72302829
80.5203543
80.31760528
80.11478241
79.91188687
79.70891985
79.50588252
79.30277607
79.09960166
78.89636048
78.69305369
78.48968247
78.28624799
78.08275142
77.87919392
77.67557667
77.47190082
77.26816755
77.06437802
76.86053339
76.65663482
76.45268349
76.24868055
76.04462717
75.84052451
75.63637373
75.43217599
75.22793247
75.02364432
74.81931271
74.61493881
74.41052377
74.20606878
74.00157499
73.79704358
73.59247571
73.38787257
73.18323532
72.97856513
72.77386319
72.56913068
72.36436877
72.15957865
71.95476151
71.74991852
71.54505089
71.3401598
71.13524646
70.93031206
70.7253578
70.52038488
70.31539452
70.11038793
69.90536632
69.70033092
69.49528294
69.29022361
69.08515417
68.88007585
68.67498989
68.46989754
68.26480004
68.05969865
67.85459463
67.64948925
67.44438378
67.23927948
67.03417766
66.82907958
66.62398655
66.41889987
66.21382084
66.00875078
65.80369101
65.59864285
65.39360764
65.18858672
64.98358144
64.77859316
64.57362324
64.36867306
64.16374399
63.95883743
63.75395477
63.54909742
63.34426681
63.13946435
62.93469147
62.72994964
62.52524029
62.32056491
62.11592495
61.91132191
61.7067573
61.5022326
61.29774935
61.09330909
60.88891334
60.68456367
60.48026164
60.27600884
60.07180687
59.86765732
59.66356182
59.459522
59.25553951
59.05161602
58.8477532
58.64395275
58.44021636
58.23654578
58.03294272
57.82940896
57.62594626
57.42255641
57.21924121
57.01600249
56.81284209
56.60976188
56.40676372
56.20384951
56.00102118
55.79828065
55.59562989
55.39307086
55.19060557
54.98823604
54.7859643
54.58379242
54.38172248
54.1797566
53.97789689
53.77614552
53.57450467
53.37297654
53.17156336
52.97026738
52.76909089
52.5680362
52.36710564
52.16630157
51.96562639
51.76508251
51.56467239
51.3643985
51.16426336
50.96426951
50.76441952
50.564716
50.36516158
50.16575893
49.96651077
49.76741983
49.56848889
49.36972077
49.1711183
48.97268438
48.77442194
48.57633394
48.37842337
48.1806933
47.98314679
47.78578698
47.58861705
47.3916402
47.19485969
46.99827882
46.80190096
46.60572948
46.40976785
46.21401954
46.01848811
45.82317715
45.62809031
45.43323128
45.23860381
45.04421171
44.85005885
44.65614914
44.46248656
44.26907515
44.07591899
43.88302225
43.69038914
43.49802395
43.30593103
43.11411477
42.92257967
42.73133028
42.5403712
42.34970712
42.15934281
41.9692831
41.7795329
41.59009718
41.40098102
41.21218956
41.023728
40.83560167
40.64781594
40.46037628
40.27328826
40.08655753
39.9001898
39.71419093
39.52856682
39.34332349
39.15846705
38.97400371
38.78993978
38.60628168
38.42303591
38.2402091
38.05780796
37.87583935
37.6943102
37.51322758
37.33259865
37.15243072
36.97273118
36.79350756
36.61476753
36.43651885
36.25876943
36.08152731
35.90480064
35.72859772
35.55292699
35.37779702
35.2032165
35.02919429
34.85573939
34.68286094
34.51056822
34.33887067
34.16777787
33.99729959
33.82744571
33.6582263
33.48965159
33.32173195
33.15447794
32.98790027
32.82200984
32.6568177
32.4923351
32.32857343
32.1655443
32.00325945
31.84173086
31.68097064
31.52099112
31.3618048
31.20342438
31.04586274
30.88913295
30.7332483
30.57822224
30.42406844
30.27080074
30.11843322
29.96698012
29.81645589
29.6668752
29.51825289
29.37060403
29.22394387
29.07828788
28.93365171
28.79005122
28.64750248
28.50602175
28.36562549
28.22633035
28.08815319
27.95111104
27.81522116
27.68050096
27.54696805
27.41464024
27.28353551
27.15367199
27.02506802
26.8977421
26.77171289
26.64699919
26.52361998
26.40159438
26.28094164
26.16168116
26.04383246
25.92741518
25.81244906
25.69895396
25.58694982
25.47645669
25.36749465
25.26008389
25.15424462
25.04999711
24.94736165
24.84635855
24.74700812
24.64933068
24.5533465
24.45907582
24.36653885
24.27575569
24.1867464
24.09953091
24.01412905
23.9305605
23.84884481
23.76900134
23.69104927
23.6150076
23.54089506
23.46873017
23.39853119
23.33031606
23.26410247
23.19990775
23.13774892
23.0776426
23.01960508
22.96365222
22.90979945
22.8580618
22.80845382
22.76098958
22.71568266
22.67254614
22.63159256
22.59283391
22.55628162
22.52194654
22.48983894
22.45996845
22.4323441
22.40697428
22.38386673
22.36302852
22.34446606
22.32818507
22.31419059
22.30248696
22.29307782
22.28596609
22.28115398
22.27864299
22.27843389
22.28052674
22.28492087
22.2916149
22.30060672
22.31189351
22.32547175
22.3413372
22.35948493
22.37990932
22.40260406
22.42756218
22.45477604
22.48423735
22.51593717
22.54986596
22.58601355
22.62436918
22.66492149
22.70765858
22.75256799
22.79963672
22.84885126
22.90019761
22.95366129
23.00922734
23.06688039
23.12660462
23.18838383
23.25220143
23.31804046
23.38588362
23.45571329
23.52751154
23.60126016
23.67694068
23.75453437
23.83402228
23.91538525
23.99860394
24.08365883
24.17053023
24.25919835
24.34964325
24.44184489
24.53578317
24.63143789
24.72878881
24.82781564
24.92849808
25.03081581
25.1347485
25.24027586
25.34737761
25.4560335
25.56622337
25.67792707
25.79112457
25.9057959
26.02192118
26.13948063
26.2584546
26.37882353
26.50056802
26.62366876
26.74810663
26.87386261
27.00091785
27.12925368
27.25885155
27.38969312
27.52176019
27.65503475
27.78949898
27.92513522
28.06192601
28.19985408
28.33890234
28.47905392
28.62029211
28.76260041
28.90596254
29.05036239
29.19578407
29.34221187
29.48963029
29.63802405
29.78737805
29.93767739
30.08890738
30.24105353
30.39410156
30.54803736
30.70284705
30.85851692
31.01503348
31.17238341
31.33055362
31.48953117
31.64930335
31.8098576
31.97118158
32.13326311
32.29609023
32.45965111
32.62393416
32.78892791
32.95462111
33.12100266
33.28806164
33.45578731
33.62416908
33.79319654
33.96285943
34.13314766
34.30405131
34.47556059
34.64766589
34.82035775
34.99362684
35.16746401
35.34186023
35.51680662
35.69229445
35.86831513
36.0448602
36.22192133
36.39949034
36.57755918
36.7561199
36.93516473
37.11468597
37.29467607
37.47512761
37.65603327
37.83738586
38.01917829
38.2014036
38.38405492
38.56712552
38.75060876
38.93449809
39.11878709
39.30346943
39.48853888
39.67398931
39.85981468
40.04600906
40.23256661
40.41948156
40.60674826
40.79436113
40.98231468
41.1706035
41.35922229
41.54816579
41.73742885
41.9270064
42.11689344
42.30708504
42.49757635
42.6883626
42.87943909
43.07080119
43.26244433
43.45436402
43.64655584
43.83901542
44.03173847
44.22472076
44.41795812
44.61144644
44.80518168
44.99915984
45.19337699
45.38782926
45.58251282
45.77742393
45.97255886
46.16791396
46.36348562
46.55927029
46.75526447
46.95146469
47.14786755
47.34446969
47.5412678
47.7382586
47.93543887
48.13280544
48.33035515
48.52808493
48.7259917
48.92407247
49.12232425
49.32074411
49.51932915
49.71807652
49.91698339
50.11604699
50.31526454
50.51463335
50.71415074
50.91381404
51.11362066
51.31356801
51.51365353
51.71387471
51.91422907
52.11471414
52.31532749
52.51606673
52.71692948
52.9179134
53.11901617
53.32023551
53.52156915
53.72301485
53.9245704
54.12623361
54.32800233
54.52987441
54.73184773
54.93392021
55.13608978
55.33835438
55.54071199
55.74316061
55.94569825
56.14832294
56.35103276
56.55382577
56.75670006
56.95965376
57.16268499
57.36579192
57.5689727
57.77222553
57.97554861
58.17894016
58.38239842
58.58592164
58.78950809
58.99315607
59.19686386
59.40062979
59.60445218
59.80832939
60.01225976
60.21624168
60.42027352
60.62435369
60.8284806
61.03265268
61.23686836
61.44112609
61.64542433
61.84976156
62.05413626
62.25854693
62.46299208
62.66747021
62.87197987
63.07651958
63.2810879
63.48568338
63.6903046
63.89495012
64.09961854
64.30430844
64.50901844
64.71374715
64.91849318
65.12325516
65.32803174
65.53282155
65.73762324
65.94243549
66.14725695
66.35208629
66.5569222
66.76176336
66.96660846
67.17145622
67.37630532
67.58115448
67.78600243
67.99084788
68.19568955
68.4005262
68.60535654
68.81017933
69.01499332
69.21979725
69.42458989
69.62937
69.83413634
70.03888769
70.24362281
70.44834049
70.6530395
70.85771864
71.06237669
71.26701244
71.47162468
71.67621222
71.88077385
72.08530838
72.28981461
72.49429135
72.6987374
72.90315159
73.10753273
73.31187963
73.5161911
73.72046598
73.92470307
74.12890121
74.33305921
74.53717591
74.74125012
74.94528067
75.14926639
75.35320612
75.55709866
75.76094287
75.96473756
76.16848156
76.37217371
76.57581284
76.77939777
76.98292733
77.18640035
77.38981567
77.5931721
77.79646848
77.99970363
78.20287638
78.40598556
78.60902998
78.81200846
79.01491984
79.21776293
79.42053654
79.6232395
79.82587061
80.0284287
80.23091256
80.43332102
80.63565287
80.83790692
81.04008198
81.24217684
81.44419029
81.64612114
81.84796818
82.04973018
82.25140595
82.45299426
82.65449388
82.85590361
83.0572222
83.25844843
83.45958106
83.66061886
83.86156058
84.06240498
84.2631508
84.4637968
84.66434172
84.86478429
85.06512324
85.26535731
85.46548521
85.66550567
85.86541741
86.06521912
86.26490952
86.46448731
86.66395118
86.86329981
87.0625319
87.26164612
87.46064113
87.65951562
87.85826823
88.05689763
88.25540246
88.45378137
88.65203299
88.85015594
89.04814887
89.24601037
89.44373906
89.64133355
89.83879244
90.0361143
90.23329772
90.43034129
90.62724356
90.8240031
91.02061845
91.21708817
91.4134108
91.60958486
91.80560887
92.00148134
92.1972008
92.39276572
92.5881746
92.78342592
92.97851815
93.17344975
93.36821918
93.56282488
93.75726529
93.95153884
94.14564393
94.33957899
94.53334241
94.72693257
94.92034786
95.11358664
95.30664728
95.49952812
95.6922275
95.88474375
96.07707519
96.26922012
96.46117684
96.65294364
96.84451879
97.03590055
97.22708718
97.41807692
97.60886799
97.79945862
97.98984701
98.18003135
98.37000983
98.55978061
98.74934186
98.93869172
99.12782832
99.31674979
99.50545423
99.69393974
99.88220439
100.0702463
100.2580634
100.4456539
100.6330157
100.8201468
101.0070453
101.1937092
101.3801364
101.5663248
101.7522725
101.9379774
102.1234373
102.3086501
102.4936139
102.6783263
102.8627854
103.0469888
103.2309345
103.4146203
103.5980439
103.7812032
103.9640958
104.1467196
104.3290722
104.5111514
104.692955
104.8744804
105.0557255
105.2366879
105.4173651
105.5977549
105.7778547
105.9576623
106.1371751
106.3163907
106.4953065
106.6739202
106.8522292
107.030231
107.207923
107.3853027
107.5623674
107.7391146
107.9155416
108.0916458
108.2674246
108.4428752
108.617995
108.7927812
108.967231
109.1413418
109.3151108
109.4885351
109.6616119
109.8343384
110.0067117
110.178729
110.3503873
110.5216837
110.6926152
110.8631789
111.0333719
111.203191
111.3726333
111.5416957
111.7103751
111.8786684
112.0465726
112.2140844
112.3812007
112.5479184
112.7142341
112.8801448
113.045647
113.2107376
113.3754132
113.5396706
113.7035063
113.866917
114.0298994
114.1924499
114.3545652
114.5162418
114.6774762
114.8382648
114.9986043
115.1584909
115.3179212
115.4768914
115.6353981
115.7934375
115.9510059
116.1080997
116.2647151
116.4208484
116.5764958
116.7316535
116.8863177
117.0404845
117.1941501
117.3473105
117.4999619
117.6521002
117.8037217
117.9548221
118.1053976
118.2554441
118.4049575
118.5539337
118.7023686
118.8502582
118.9975981
119.1443843
119.2906125
119.4362785
119.5813781
119.7259069
119.8698607
120.0132351
120.1560258
120.2982284
120.4398385
120.5808518
120.7212637
120.8610699
121.0002657
121.1388468
121.2768085
121.4141465
121.5508559
121.6869324
121.8223712
121.9571678
122.0913175
122.2248155
122.3576573
122.4898381
122.6213532
122.7521978
122.8823672
123.0118565
123.140661
123.2687759
123.3961962
123.5229172
123.6489341
123.7742417
123.8988354
124.0227102
124.1458611
124.2682832
124.3899715
124.5109211
124.631127
124.7505842
124.8692876
124.9872323
125.1044132
125.2208252
125.3364634
125.4513227
125.565398
125.6786842
125.7911763
125.9028692
126.0137577
126.1238368
126.2331014
126.3415463
126.4491666
126.555957
126.6619124
126.7670278
126.8712981
126.9747181
127.0772827
127.1789869
127.2798255
127.3797934
127.4788856
127.577097
127.6744225
127.770857
127.8663955
127.961033
128.0547644
128.1475846
128.2394888
128.3304719
128.4205288
128.5096548
128.5978447
128.6850938
128.771397
128.8567495
128.9411465
129.024583
129.1070544
129.1885557
129.2690822
129.3486292
129.427192
129.5047659
129.5813462
129.6569283
129.7315077
129.8050797
129.8776399
129.9491838
130.0197069
130.0892049
130.1576733
130.2251079
130.2915043
130.3568583
130.4211658
130.4844226
130.5466245
130.6077675
130.6678477
130.7268611
130.7848037
130.8416717
130.8974613
130.9521688
131.0057905
131.0583228
131.1097621
131.1601048
131.2093476
131.2574871
131.3045198
131.3504426
131.3952523
131.4389457
131.4815198
131.5229716
131.5632981
131.6024965
131.6405641
131.677498
131.7132956
131.7479545
131.781472
131.8138458
131.8450735
131.8751529
131.9040818
131.931858
131.9584796
131.9839446
132.008251
132.0313972
132.0533815
132.0742021
132.0938576
132.1123465
132.1296674
132.145819
132.1608002
132.1746099
132.1872469
132.1987104
132.2089994
132.2181133
132.2260513
132.2328128
132.2383974
132.2428046
132.2460341
132.2480856
132.248959
