155.5378301	148.9495007	144.576087	139.0388252	135.3650471	132.5881164
155.9673732	149.120723	144.7348765	139.1428838	135.3636974	132.5620749
156.3108709	149.2218895	144.8331308	139.1957206	135.3162773	132.4934121
156.5645391	149.2523081	144.8703405	139.1971352	135.2229344	132.3823147
156.7254403	149.2117688	144.8463113	139.1471223	135.0839577	132.2290829
156.7916451	149.1005514	144.7611688	139.045871	134.8997732	132.034126
156.7623443	148.9194155	144.6153551	138.8937623	134.6709377	131.7979577
156.6378978	148.6695751	144.4096178	138.6913612	134.3981304	131.521189
156.4198126	148.3526593	144.1449909	138.4394071	134.0821433	131.2045212
156.1106538	147.9706614	143.8227701	138.1388003	133.723871	130.8487377
155.7139003	147.5258809	143.4444823	137.7905872	133.3242983	130.4546945
155.2337626	147.0208612	143.0118526	137.3959427	132.8844885	130.0233118
154.6749843	146.458327	142.5267685	136.9561531	132.4055711	129.5555643
154.0426451	145.8411237	141.9912444	136.4725969	131.8887291	129.0524717
153.3419805	145.1721623	141.4073869	135.9467263	131.3351875	128.5150898
152.5782294	144.4543699	140.7773619	135.3800495	130.7462014	127.9445017
151.756511	143.6906477	140.1033645	134.7741138	130.1230457	127.3418097
150.8817343	142.8838365	139.3875926	134.130489	129.4670048	126.7081269
149.958536	142.0366895	138.6322239	133.4507538	128.7793641	126.044571
148.9912428	141.1518517	137.8393966	132.7364822	128.0614015	125.3522572
147.9838534	140.2318457	137.0111935	131.9892328	127.3143808	124.6322928
146.9400352	139.2790621	136.1496299	131.210539	126.5395456	123.8857721
145.863132	138.2957546	135.2566445	130.4019006	125.738114	123.1137721
144.7561791	137.2840387	134.3340927	129.5647781	124.9112746	122.3173487
143.6219219	136.2458929	133.3837422	128.7005867	124.0601832	121.4975336
142.4628381	135.183162	132.4072715	127.8106928	123.18596	120.6553323
141.2811598	134.097562	131.4062687	126.8964113	122.2896878	119.7917213
140.078896	132.9906859	130.3822326	125.9590036	121.3724107	118.9076476
138.857854	131.8640104	129.3365744	124.9996766	120.4351332	118.0040269
137.6196596	130.7189027	128.2706203	124.0195827	119.4788198	117.0817433
136.3657757	129.5566274	127.1856147	123.0198199	118.5043954	116.1416488
135.0975196	128.378354	126.0827239	122.0014326	117.512745	115.1845635
133.816078	127.1851632	124.9630396	120.9654129	116.5047153	114.2112757
132.5225215	125.9780536	123.827583	119.9127022	115.4811145	113.2225422
131.2178168	124.7579483	122.677309	118.8441925	114.4427142	112.2190889
129.9028379	123.5257003	121.5131098	117.7607287	113.3902501	111.2016119
128.5783759	122.2820984	120.3358193	116.6631106	112.3244234	110.1707777
127.2451482	121.0278723	119.1462163	115.5520945	111.245902	109.1272247
125.9038058	119.7636974	117.9450288	114.428396	110.1553222	108.0715639
124.554941	118.4901988	116.7329367	113.2926914	109.0532898	107.0043801
123.1990927	117.2079563	115.510576	112.1456201	107.9403818	105.9262328
121.8367524	115.9175073	114.2785409	110.9877869	106.8171476	104.8376574
120.4683691	114.6193505	113.0373877	109.8197633	105.6841104	103.7391664
119.0943534	113.3139494	111.7876369	108.6420903	104.5417688	102.6312504
117.7150813	112.0017348	110.5297759	107.4552793	103.3905979	101.5143791
116.3308978	110.6831076	109.2642616	106.2598146	102.2310509	100.3890026
114.9421196	109.3584413	107.9915225	105.056155	101.0635601	99.25555241
113.5490382	108.028084	106.7119607	103.8447351	99.88853825	98.11444242
112.1519223	106.6923608	105.4259539	102.6259669	98.70637978	96.96606998
110.7510194	105.3515753	104.1338572	101.4002416	97.51746192	95.8108169
109.3465583	104.0060115	102.8360049	100.1679308	96.32214582	94.64905046
107.9387507	102.6559354	101.5327119	98.92938762	95.12077759	93.48112431
106.5277925	101.3015963	100.224275	97.68494832	93.91368937	92.30737942
105.1138654	99.94322819	98.91097448	96.4349332	92.70120028	91.12814501
103.6971382	98.58105087	97.59307535	95.17964788	91.48361741	89.94373939
102.2777678	97.21527119	96.27082835	93.91938431	90.26123672	88.75447087
100.8559002	95.84608397	94.94447108	92.65442178	89.03434396	87.56063857
99.43167139	94.473673	93.61422903	91.38502793	87.8032155	86.36253325
98.00520836	93.09821185	92.28031654	90.11145964	86.56811918	85.16043814
96.57662965	91.71986471	90.9429376	88.83396391	85.32931514	83.95462973
95.14604615	90.3387871	89.60228676	87.5527787	84.08705662	82.74537858
93.71356162	88.9551266	88.25854983	86.26813378	82.84159075	81.53295008
92.27927335	87.56902345	86.91190466	84.98025145	81.59315929	80.31760528
90.84327256	86.18061115	85.56252183	83.68934735	80.34199948	79.09960166
89.40564496	84.79001706	84.21056527	82.39563119	79.08834471	77.87919392
87.96647113	83.39736287	82.85619291	81.09930743	77.83242539	76.65663482
86.52582687	82.00276511	81.49955729	79.80057606	76.57446965	75.43217599
85.08378364	80.60633564	80.14080613	78.49963324	75.3147042	74.20606878
83.64040881	79.20818208	78.78008288	77.19667204	74.05335507	72.97856513
82.19576598	77.80840822	77.41752728	75.89188315	72.79064852	71.74991852
80.74991526	76.40711446	76.05327592	74.58545555	71.52681185	70.52038488
79.30291352	75.00439819	74.68746272	73.27757729	70.26207433	69.29022361
77.8548146	73.60035416	73.32021954	71.96843622	68.99666815	68.05969865
76.40566957	72.19507491	71.95167665	70.65822074	67.73082942	66.82907958
74.95552687	70.78865111	70.58196332	69.34712064	66.46479923	65.59864285
73.50443254	69.38117196	69.21120839	68.03532795	65.19882484	64.36867306
72.05243035	67.97272557	67.83954084	66.72303782	63.93316086	63.13946435
70.59956199	66.56339938	66.46709039	65.4104495	62.66807062	61.91132191
69.1458672	65.15328053	65.09398819	64.09776737	61.40382762	60.68456367
67.69138393	63.74245633	63.72036749	62.78520206	60.14071712	59.459522
66.23614842	62.33101469	62.34636439	61.47297169	58.87903789	58.23654578
64.78019537	60.91904465	60.97211865	60.16130319	57.61910414	57.01600249
63.32355803	59.50663684	59.59777459	58.85043377	56.36124764	55.79828065
61.86626833	58.09388415	58.22348207	57.54061257	55.1058201	54.58379242
60.40835694	56.68088228	56.84939758	56.23210249	53.85319583	53.37297654
58.94985343	55.26773051	55.47568546	54.9251822	52.60377464	52.16630157
57.49078631	53.85453246	54.10251926	53.62014844	51.3579852	50.96426951
56.03118316	52.44139703	52.73008333	52.3173186	50.11628872	49.76741983
54.57107071	51.02843938	51.3585746	51.01703363	48.87918315	48.57633394
53.11047493	49.61578218	49.98820457	49.71966137	47.64720788	47.3916402
51.64942113	48.2035569	48.61920171	48.4256003	46.42094911	46.21401954
50.18793405	46.79190544	47.25181414	47.13528388	45.2010458	45.04421171
48.72603796	45.38098203	45.88631281	45.84918551	43.98819658	43.88302225
47.26375678	43.97095535	44.52299519	44.56782419	42.78316745	42.73133028
45.80111414	42.56201121	43.16218962	43.29177112	41.58680056	41.59009718
44.33813357	41.15435564	41.80426043	42.02165727	40.40002417	40.46037628
42.8748386	39.74821865	40.44961401	40.7581822	39.22386391	39.34332349
41.41125292	38.34385873	39.0987061	39.5021242	38.05945552	38.2402091
39.94740055	36.94156844	37.75205038	38.25435222	36.90805923	37.15243072
38.48330606	35.5416811	36.41022903	37.01583964	35.77107591	36.08152731
37.01899479	34.14457922	35.07390521	35.78768033	34.65006515	35.02919429
35.55449321	32.75070486	33.74383851	34.57110742	33.5467653	33.99729959
34.08982919	31.36057265	32.42090357	33.36751508	32.46311552	32.98790027
32.62503257	29.97478629	31.10611302	32.17848386	31.40127973	32.00325945
31.16013561	28.59405945	29.80064576	31.00581002	30.36367207	31.04586274
29.69517382	27.21924279	28.50588177	29.85153939	29.35298335	30.11843322
28.23018687	25.8513588	27.22344549	28.71800605	28.37220749	29.22394387
26.76521987	24.49164752	25.95525966	27.60787616	27.42466638	28.36562549
25.30032501	23.14162692	24.70361251	26.52419679	26.51403098	27.54696805
23.83556391	21.80317338	23.47124148	25.47044902	25.64433555	26.77171289
22.37101078	20.4786301	22.26143741	24.45060397	24.81998092	26.04383246
20.90675693	19.17095433	21.0781734	23.46917848	24.04572162	25.36749465
19.44291732	17.88391904	19.92626244	22.53128585	23.32663099	24.74700812
17.97964028	16.62239038	18.81154662	21.64267364	22.66803753	24.1867464
16.51712233	15.39271019	17.74111682	20.80973779	22.07542677	23.69104927
15.05563166	14.2032202	16.72355366	20.03949794	21.55430419	23.26410247
13.59554653	13.06496694	15.7691649	19.33951595	21.11001883	22.90979945
12.13742136	11.9926098	14.89016812	18.71773793	20.74755279	22.63159256
10.68210619	11.00548532	14.10072855	18.18224304	20.47128882	22.4323441
9.230978058	10.12859609	13.41671618	17.74089211	20.28477599	22.31419059
7.78642688	9.392911206	12.85501524	17.40088708	20.19051878	22.27843389
6.35299036	8.833815797	12.43224997	17.16827767	20.18981664	22.32547175
4.940403956	8.486309086	12.16294126	17.0474783	20.28267685	22.45477604
3.57353338	8.376778458	12.05739012	17.04087461	20.46781398	22.66492149
2.334179876	8.514413529	12.11987891	17.14859628	20.74273598	22.95366129
1.562848147	8.887727922	12.3478492	17.36850428	21.10390384	23.31804046
1.937125059	9.468866131	12.73239786	17.69639544	21.54694207	23.75453437
3.062379525	10.2224158	13.25988243	18.12638047	22.06687294	24.25919835
4.395385345	11.11332397	13.91402127	18.65136117	22.65834897	24.82781564
5.794466043	12.11127394	14.67784848	19.26352617	23.31586391	25.4560335
7.221285902	13.19194871	15.53514474	19.95479984	24.03392959	26.13948063
8.662113909	14.33660298	16.47126805	20.71720487	24.80721346	26.87386261
10.11092769	15.53104363	17.47349526	21.54312472	25.63063726	27.65503475
11.56468974	16.76457642	18.53104136	22.42547145	26.49944101	28.47905392
13.02170547	18.02912089	19.63490359	23.35777498	27.40921826	29.34221187
14.48095474	19.31852786	20.77763174	24.33421314	28.35592916	30.24105353
15.94178548	20.62807354	21.95308494	25.34960123	29.33589734	31.17238341
17.40376013	21.95409078	23.1562051	26.39935616	30.34579582	32.13326311
18.86657289	23.29370161	24.38281953	27.47944684	31.38262593	33.12100266
20.33000238	24.6446228	25.62947539	28.58633866	32.44369249	34.13314766
21.79388334	26.00502376	26.89330378	29.71693734	33.52657736	35.16746401
23.25808894	27.37342183	28.17190963	30.8685354	34.629113	36.22192133
24.72251932	28.74860442	29.46328312	32.03876277	35.74935694	37.29467607
26.18709401	30.12957058	30.76572858	33.22554239	36.88556784	38.38405492
27.6517467	31.5154867	32.07780746	34.42705088	38.03618339	39.48853888
29.11642159	32.90565266	33.39829258	35.64168425	39.19980026	40.60674826
30.58107082	34.29947565	34.72613123	36.86802799	40.37515596	41.73742885
32.0456525	35.69644978	36.06041535	38.10483133	41.5611127	42.87943909
33.5101294	37.0961401	37.40035742	39.35098505	42.75664295	44.03173847
34.97446778	38.49816986	38.74527068	40.60550241	43.9608167	45.19337699
36.43863667	39.90221041	40.09455308	41.86750281	45.17279016	46.36348562
37.90260719	41.30797302	41.44767397	43.13619773	46.39179581	47.5412678
39.36635205	42.71520229	42.80416319	44.41087867	47.61713358	48.7259917
40.82984518	44.12367073	44.16360194	45.69090673	48.84816312	49.91698339
42.2930614	45.53317433	45.52561519	46.97570375	50.08429695	51.11362066
43.75597612	46.94352889	46.88986537	48.2647445	51.32499441	52.31532749
45.21856516	48.35456698	48.25604697	49.55755007	52.56975633	53.52156915
46.68080455	49.76613534	49.62388201	50.85368205	53.8181203	54.73184773
48.14267034	51.17809279	50.99311622	52.15273751	55.06965649	55.94569825
49.60413851	52.5903083	52.36351571	53.45434461	56.32396392	57.16268499
51.06518479	54.00265952	53.73486417	54.75815877	57.58066715	58.38239842
52.52578455	55.41503137	55.10696043	56.06385927	58.83941332	59.60445218
53.98591273	56.8273149	56.47961636	57.37114635	60.0998695	60.8284806
55.4455437	58.2394063	57.85265499	58.67973854	61.36172032	62.05413626
56.90465118	59.65120594	59.22590894	59.98937037	62.62466587	63.2810879
58.36320813	61.06261767	60.59921895	61.29979029	63.88841968	64.50901844
59.82118667	62.47354803	61.97243268	62.61075885	65.15270705	65.73762324
61.27855799	63.88390568	63.34540354	63.92204701	66.41726342	66.96660846
62.73529223	65.29360082	64.71798969	65.23343466	67.68183291	68.19568955
64.19135841	66.70254461	66.09005313	66.54470928	68.94616701	69.42458989
65.64672431	68.11064874	67.46145886	67.85566468	70.21002327	70.6530395
67.10135638	69.51782495	68.83207413	69.16609987	71.47316425	71.88077385
68.55521964	70.92398461	70.20176771	70.47581803	72.73535636	73.10753273
70.00827751	72.32903828	71.57040923	71.78462551	73.99636889	74.33305921
71.46049177	73.73289534	72.93786857	73.09233095	75.25597306	75.55709866
72.91182237	75.13546358	74.30401525	74.39874439	76.51394109	76.77939777
74.36222731	76.53664883	75.66871786	75.70367647	77.77004538	77.99970363
75.81166252	77.93635456	77.03184349	77.00693766	79.02405759	79.21776293
77.26008166	79.3344815	78.3932572	78.30833748	80.27574792	80.43332102
78.70743596	80.73092726	79.7528215	79.6076838	81.52488424	81.64612114
80.15367409	82.12558589	81.11039576	80.9047821	82.77123135	82.85590361
81.59874188	83.51834751	82.46583569	82.19943474	84.0145502	84.06240498
83.04258217	84.90909784	83.81899283	83.49144032	85.25459711	85.26535731
84.48513458	86.29771777	85.16971392	84.78059291	86.49112299	86.46448731
85.92633521	87.68408287	86.51784035	86.06668137	87.7238726	87.65951562
87.36611642	89.06806289	87.8632076	87.34948862	88.9525837	88.85015594
88.80440653	90.44952124	89.20564455	88.62879089	90.17698633	90.0361143
90.24112947	91.8283144	90.54497286	89.90435698	91.39680189	91.21708817
91.67620447	93.20429131	91.88100629	91.17594746	92.61174241	92.39276572
93.10954563	94.57729276	93.21354995	92.44331389	93.8215096	93.56282488
94.54106157	95.94715064	94.54239956	93.70619793	95.02579399	94.72693257
95.9706549	97.31368721	95.86734062	94.96433053	96.22427404	95.88474375
97.39822179	98.67671427	97.18814754	96.21743093	97.41661515	97.03590055
98.82365135	100.0360323	98.50458272	97.46520578	98.60246868	98.18003135
100.2468251	101.3914294	99.81639554	98.70734808	99.78147094	99.31674979
101.6676162	102.7426806	101.1233213	99.94353614	100.9532421	100.4456539
103.0858888	104.0895461	102.4250802	101.1734324	102.1173852	101.5663248
104.5014973	105.4317707	103.7213759	102.3966825	103.2734848	102.6783263
105.9142853	106.7690822	105.0118943	103.6129135	104.421106	103.7812032
107.3240847	108.1011896	106.2963022	104.8217334	105.559793	104.8744804
108.7307145	109.4277823	107.5742458	106.0227287	106.6890683	105.9576623
110.1339797	110.7485275	108.8453487	107.2154642	107.8084307	107.030231
111.5336701	112.063069	110.1092109	108.3994802	108.9173546	108.0916458
112.9295582	113.3710247	111.3654059	109.5742919	110.0152882	109.1413418
114.3213984	114.6719846	112.6134796	110.7393874	111.1016526	110.178729
115.7089244	115.9655083	113.8529476	111.8942255	112.1758399	111.203191
117.0918473	117.2511222	115.083293	113.0382348	113.2372121	112.2140844
118.4698536	118.5283166	116.3039639	114.170811	114.2850997	113.2107376
119.8426021	119.7965427	117.5143705	115.2913153	115.3188005	114.1924499
121.2097214	121.0552088	118.7138829	116.3990725	116.3375778	115.1584909
122.5708064	122.303677	119.9018272	117.4933689	117.3406599	116.1080997
123.9254144	123.5412587	121.0774832	118.5734501	118.3272386	117.0404845
125.2730616	124.7672102	122.2400801	119.6385192	119.296468	117.9548221
126.6132177	125.9807283	123.3887939	120.6877348	120.2474646	118.8502582
127.9453012	127.1809448	124.5227432	121.720209	121.1793055	119.7259069
129.2686733	128.3669213	125.6409853	122.7350055	122.0910294	120.5808518
130.5826312	129.537643	126.7425131	123.7311383	122.9816355	121.4141465
131.8864007	130.692013	127.8262504	124.70757	123.8500851	122.2248155
133.1791281	131.8288457	128.8910485	125.6632109	124.6953013	123.0118565
134.4598701	132.9468602	129.9356828	126.5969181	125.5161713	123.7742417
135.7275838	134.0446734	130.9588488	127.5074956	126.3115483	124.5109211
136.9811149	135.1207938	131.9591594	128.3936941	127.0802537	125.2208252
138.2191841	136.1736142	132.9351426	129.2542128	127.8210812	125.9028692
139.4403731	137.2014067	133.8852396	130.0877006	128.5328005	126.555957
140.6431078	138.2023163	134.8078038	130.8927593	129.2141628	127.1789869
141.8256417	139.1743579	135.7011018	131.6679473	129.8639067	127.770857
142.9860361	140.115413	136.5633155	132.4117852	130.4807651	128.3304719
144.1221405	141.0232296	137.3925456	133.1227616	131.0634734	128.8567495
145.2315715	141.8954249	138.1868182	133.7993415	131.610778	129.3486292
146.3116915	142.7294912	138.9440934	134.4399757	132.1214464	129.8050797
147.3595885	143.5228066	139.6622771	135.0431117	132.5942776	130.2251079
148.3720575	144.2726502	140.3392361	135.6072062	133.0281132	130.6077675
149.3455861	144.9762242	140.9728159	136.1307395	133.4218492	130.9521688
150.276346	145.6306817	141.5608631	136.6122306	133.7744481	131.2574871
151.1601944	146.2331617	142.1012502	137.050254	134.0849505	131.5229716
151.992688	146.7808316	142.5919048	137.443457	134.3524874	131.7479545
152.769115	147.2709358	143.0308401	137.7905776	134.5762907	131.931858
153.4845484	147.7008503	143.4161889	138.0904626	134.7557042	132.0742021
154.1339256	148.0681406	143.7462375	138.3420847	134.8901924	132.1746099
154.7121561	148.3706225	144.0194597	138.5445591	134.9793482	132.2328128
